333 38 19 9

0 213 260 195 216 249 194 188 212 202 131 198 191 231 188 104 149 212 218 158 226 196 219 229 223 186 163 179 227 222 220 204 139 243 197 199 204 198 203 199 198 214 251 215 216 229 198 219 121 199 140 105 203 262 236 113 198 206 214 196 200 207 153 255 225 191 224 214 234 207 215 95 165 153 207 151 219 221 229 193 195 156 224 265 135 209 217 201 164 231 220 159 223 207 224 199 194 191 207 214 189 226 212 221 217 189 220 136 197 218 210 210 192 131 191 214 112 202 199 213 207 215 203 207 242 200 198 108 175 211 215 196 133 190 219 199 180 222 208 208 218 212 195 211 201 200 154 212 222 197 130 156 219 191 217 205 102 225 222 198 205 217 172 202 220 200 177 205 197 205 214 218 216 224 230 193 164 237 211 207 217 215 206 193 196 214 211 207 209 224 102 244 111 104 211 97 186 143 209 199 201 230 203 192 201 202 223 211 202 217 240 211 193 159 215 224 96 243 111 214 212 148 224 227 241 199 195 230 211 160 221 175 191 98 212 230 216 239 170 113 213 209 207 191 211 222 116 208 204 216 198 237 191 216 215 198 192 206 203 188 208 278 218 221 242 119 228 221 174 236 123 199 195 187 182 236 98 140 231 225 196 192 163 190 197 197 210 157 212 219 211 216 212 200 188 205 180 184 197 201 189 212 246 200 233 113 200 207 199 167 238 97 128 94 220 182 204 171 194 191 233 159 226 228 199 227 201 185 198 212 205 136 190
213 0 203 200 206 216 227 214 200 227 99 190 204 202 208 201 219 206 162 223 208 205 217 194 229 129 202 199 201 208 221 156 119 218 134 217 189 205 187 201 221 202 214 208 195 197 195 208 191 207 203 153 188 190 204 236 169 199 213 196 209 200 198 228 95 203 95 234 117 200 205 214 216 197 202 124 228 197 202 132 180 210 219 207 200 228 136 119 202 217 226 206 142 185 223 242 134 215 209 204 197 186 214 240 150 207 230 241 218 162 190 210 210 209 183 201 166 138 190 194 155 210 192 199 150 200 215 195 202 231 194 223 228 205 231 197 217 94 200 130 236 208 207 220 191 194 114 222 205 221 206 212 214 215 202 195 113 195 208 207 121 215 206 203 200 200 133 231 210 192 211 193 205 192 199 152 234 151 200 200 94 217 106 217 164 169 211 218 218 148 111 117 170 225 99 199 201 202 223 191 193 209 100 199 192 224 201 231 169 205 147 105 162 193 165 192 220 173 202 167 188 224 208 210 192 152 216 229 233 190 191 210 188 235 204 212 202 98 138 211 201 115 111 191 197 102 226 161 158 176 218 96 212 218 208 207 218 199 221 200 219 96 178 185 233 199 108 204 231 198 193 234 219 207 126 217 193 239 188 220 167 201 197 212 156 238 115 197 236 215 183 185 243 231 216 193 205 203 214 138 192 205 197 197 203 197 103 137 217 198 204 190 205 209 191 184 209 107 233 205 231 111 189 197 173 205 215 165 181 197 199 211 180
260 203 0 227 201 211 201 102 179 138 199 199 221 157 109 199 214 194 195 103 226 197 132 200 188 197 199 195 162 108 117 195 218 210 218 102 162 222 213 240 235 102 204 212 198 206 210 203 195 202 178 196 100 105 174 196 211 229 186 166 126 190 197 212 232 208 188 151 206 207 197 172 210 182 216 119 208 198 223 202 209 124 185 198 129 223 113 229 212 197 229 241 201 201 199 127 193 187 158 199 200 212 103 205 209 217 214 169 130 146 207 197 123 191 206 209 199 190 197 96 212 224 219 197 198 93 226 241 112 207 204 214 200 104 192 228 238 228 226 248 189 205 198 215 212 235 197 200 196 199 147 109 219 206 199 202 248 210 204 209 111 123 207 206 126 137 217 196 194 208 218 138 213 198 206 146 127 124 205 187 225 195 225 141 226 114 195 220 197 205 219 208 194 215 206 210 216 210 220 202 205 194 190 193 194 205 207 120 198 180 184 193 200 205 125 115 217 218 205 206 209 234 216 173 210 203 201 192 113 223 199 213 221 213 199 199 224 203 172 179 97 203 214 221 197 221 217 145 217 197 215 113 191 210 195 198 171 207 202 188 218 180 222 214 144 141 151 121 206 212 202 200 212 197 159 196 218 203 109 222 198 203 191 101 94 109 171 226 191 204 196 191 201 201 218 150 206 191 227 209 198 225 207 124 187 197 100 204 204 100 184 194 214 176 173 226 117 129 117 118 214 197 168 193 207 203 209 165 191 201 211 204 213
195 200 227 0 234 244 197 202 211 195 101 192 219 104 178 211 96 220 217 207 188 178 196 174 203 212 202 208 117 208 204 193 239 238 227 224 220 212 199 203 232 253 184 228 246 209 229 189 194 211 204 130 206 227 163 236 206 182 242 152 228 106 241 156 227 194 166 193 231 200 210 216 190 205 153 207 212 173 148 196 221 198 200 208 203 200 231 203 216 202 207 229 196 203 218 190 101 215 163 204 203 203 150 212 203 240 212 212 210 217 208 221 212 222 202 207 200 146 202 140 108 171 207 191 213 227 202 195 243 220 125 205 124 207 209 202 160 189 204 176 210 225 97 199 190 180 231 199 209 219 192 220 207 201 141 138 211 217 202 117 156 230 214 218 206 202 240 206 224 248 188 213 227 231 201 194 113 199 210 187 206 182 162 209 205 217 111 218 225 196 204 201 199 238 145 194 167 104 156 199 207 218 100 109 211 206 190 204 215 162 192 214 222 195 197 194 99 142 223 198 212 193 224 218 199 232 204 231 222 171 107 189 222 201 205 203 251 200 110 222 261 150 211 194 216 230 206 180 228 177 93 179 206 212 220 197 177 182 204 164 163 191 173 207 133 230 207 213 239 124 229 202 205 209 194 242 217 203 247 201 143 152 204 198 232 207 227 195 218 164 141 211 236 237 207 197 208 176 137 168 185 132 193 203 221 199 145 202 203 194 212 197 227 104 215 162 197 210 197 232 228 135 196 201 146 96 257 195 194 233 210 205 200
216 206 201 234 0 210 231 207 207 224 196 116 200 210 103 190 206 121 119 209 224 209 190 219 177 223 215 100 167 212 205 215 208 212 216 240 216 192 207 200 221 206 198 152 221 202 218 204 193 224 197 219 108 211 200 203 110 199 212 194 191 209 226 216 198 208 220 215 200 199 214 215 191 209 151 196 166 151 233 189 199 148 202 128 200 131 219 203 190 115 183 152 159 176 110 195 216 194 224 145 145 206 214 197 111 208 219 258 215 98 218 129 227 211 190 232 198 156 210 203 206 212 177 216 137 200 112 126 103 168 205 231 209 213 203 207 197 202 96 141 110 213 224 181 200 158 206 211 194 200 199 200 176 201 198 215 207 203 217 202 214 217 203 236 159 205 208 219 215 205 222 202 195 196 213 210 151 185 222 223 200 200 214 216 220 188 203 214 193 205 212 202 207 204 200 211 94 212 205 253 199 207 221 237 202 185 213 206 184 208 146 158 193 215 205 202 218 132 205 196 201 206 228 217 201 195 201 207 105 206 193 212 127 211 200 214 220 207 207 103 215 199 218 193 201 104 237 199 208 203 215 124 223 202 115 132 230 178 240 105 218 209 125 149 140 219 203 236 192 212 204 195 227 229 233 204 188 117 201 203 106 245 205 181 107 207 208 212 213 206 144 222 172 217 218 105 103 141 97 206 207 202 216 114 198 215 204 217 212 195 146 205 124 197 234 176 209 211 129 207 114 235 195 198 203 200 170 209 212 206 219 191 224
249 216 211 244 210 0 235 157 234 234 215 103 112 238 126 220 199 198 141 209 119 240 163 207 201 203 186 136 207 148 155 220 218 212 234 158 193 221 226 188 219 229 196 187 248 240 214 178 184 206 220 231 202 219 211 246 228 191 199 121 139 141 208 206 185 210 129 218 213 234 216 199 184 177 221 190 239 236 216 215 128 236 226 207 259 197 234 135 212 223 252 196 218 200 254 220 163 131 131 223 213 93 232 168 220 199 210 200 97 229 205 214 193 206 209 120 226 169 208 210 188 222 229 159 218 210 221 238 202 242 241 240 217 208 202 231 211 246 217 214 193 147 224 179 205 240 215 232 110 229 120 220 230 244 159 173 162 185 194 209 157 244 201 228 211 197 201 240 197 165 220 193 213 154 229 202 157 210 217 211 182 209 138 198 223 173 209 237 163 169 147 227 217 174 236 216 194 140 205 227 212 226 210 139 149 217 232 150 199 221 214 116 200 150 204 190 200 218 219 206 126 223 135 106 188 201 248 198 124 253 197 191 224 232 223 189 127 223 192 197 229 101 216 225 209 241 246 222 177 219 203 141 112 221 207 145 221 195 133 213 204 197 164 155 216 201 215 212 119 168 155 220 196 220 234 228 225 237 198 154 169 220 206 139 117 216 192 225 204 234 231 200 204 207 249 222 205 214 202 237 191 158 211 96 210 197 138 204 118 211 238 217 192 203 168 184 127 193 193 212 202 179 224 110 215 218 123 232 249 208 209 240 192
194 227 201 197 231 235 0 203 99 160 205 132 216 209 195 204 222 211 187 238 213 210 184 209 216 214 207 201 223 93 228 214 166 206 199 104 203 217 124 154 222 231 222 201 115 211 193 204 203 218 222 198 210 176 198 225 191 112 210 165 201 113 197 107 211 193 203 229 213 209 194 228 211 212 192 211 218 197 219 195 200 218 209 204 207 205 205 108 196 252 238 217 208 168 235 224 196 169 147 216 208 210 200 218 215 206 209 204 207 191 222 209 139 218 210 215 111 201 201 180 209 196 178 191 208 200 241 156 228 146 204 194 206 193 216 108 111 200 181 240 138 154 197 205 115 121 206 206 210 230 249 217 200 198 198 211 228 226 194 148 222 216 202 208 132 202 223 188 111 214 158 233 122 229 214 195 229 178 231 176 217 204 205 208 209 213 209 206 199 201 214 213 99 217 223 206 225 112 214 206 131 94 192 201 200 211 187 214 197 204 149 213 190 197 203 217 98 110 198 113 194 215 151 152 194 196 191 196 227 203 203 206 129 229 210 231 223 221 208 217 166 229 192 193 199 208 221 156 208 189 226 217 217 140 214 221 188 190 229 213 209 210 121 220 168 210 206 197 141 217 201 193 202 215 214 134 210 114 197 209 178 227 203 146 199 204 201 194 200 125 195 249 200 103 205 147 212 203 218 129 207 148 254 202 188 240 207 189 216 106 123 197 213 101 169 158 195 140 205 186 232 204 211 212 209 209 239 200 198 208 161 102 197
188 214 102 202 207 157 203 0 218 168 120 206 208 213 196 254 135 238 208 183 211 224 141 244 211 204 206 194 208 210 219 197 177 214 148 195 202 198 201 207 213 204 232 232 254 225 116 183 213 216 220 213 202 186 210 144 221 153 253 195 214 238 200 215 238 210 232 202 225 221 209 210 198 105 141 207 203 131 159 212 215 215 148 211 205 226 137 197 238 216 158 200 160 236 97 186 211 213 213 212 212 203 200 122 205 210 200 119 208 205 236 119 214 232 213 217 217 170 218 198 234 207 203 197 96 181 217 213 213 199 235 229 209 206 157 138 233 232 232 200 195 159 105 237 222 200 110 231 194 227 208 138 227 199 214 132 220 205 212 217 213 197 233 208 203 205 238 204 199 208 227 199 218 222 220 212 223 134 174 189 201 111 217 205 204 213 161 168 100 211 216 114 210 233 242 220 124 158 128 207 200 203 215 199 204 223 135 197 206 158 208 207 198 204 220 141 115 205 203 208 215 193 197 258 211 229 214 212 215 222 209 222 176 209 215 226 200 116 105 148 199 191 209 210 216 228 193 215 136 212 238 215 102 200 233 120 199 229 234 218 235 151 208 153 228 206 118 195 202 217 198 209 122 213 225 222 120 109 199 210 222 203 220 199 196 194 104 204 197 104 218 199 215 225 232 175 218 220 161 225 163 197 231 209 109 212 202 193 196 202 118 214 212 102 197 208 130 231 216 213 182 193 209 208 205 226 178 196 199 198 148 202 116
212 200 179 211 207 234 99 218 0 228 199 231 201 218 196 220 174 192 229 213 216 195 222 140 152 119 198 212 197 190 196 193 184 216 100 203 230 199 135 176 216 214 219 222 214 235 212 144 241 192 212 214 199 216 167 138 97 144 238 145 167 212 98 206 236 138 105 194 245 199 203 205 193 113 203 227 149 98 213 247 223 253 196 247 215 197 114 190 209 243 205 256 123 215 210 245 219 118 194 162 215 213 197 119 205 193 211 201 180 226 162 198 158 225 208 214 100 200 191 94 234 150 213 227 217 137 202 219 225 197 224 213 205 217 195 207 204 155 209 141 187 119 237 106 204 211 220 208 194 139 226 220 101 229 164 200 169 208 95 94 200 209 193 217 176 181 194 95 208 179 203 199 204 146 115 230 221 186 188 231 201 140 194 224 206 213 194 195 211 206 211 209 197 191 224 212 138 193 244 233 227 193 188 218 221 194 144 209 246 159 199 131 142 194 159 230 197 209 197 196 198 196 140 207 164 209 208 190 244 227 197 194 224 237 138 197 194 205 231 206 194 188 238 191 198 195 221 210 202 199 212 221 177 237 203 212 211 225 211 211 199 218 213 121 205 200 194 192 229 160 191 212 104 195 115 189 142 201 192 227 206 199 231 202 192 223 194 197 225 138 227 189 163 124 226 193 211 221 199 206 186 191 208 210 190 206 230 219 117 205 193 238 157 189 148 194 227 239 167 145 207 208 210 230 213 205 154 247 193 194 229 201 190
202 227 138 195 224 234 160 168 228 0 167 200 209 205 214 201 239 214 105 128 200 204 199 218 193 186 201 186 217 105 104 208 232 215 209 191 184 214 93 235 217 206 198 205 225 148 209 213 207 202 192 97 203 188 204 208 226 190 229 220 231 186 217 225 133 205 197 176 177 171 187 206 191 234 191 224 223 213 191 180 194 208 201 212 236 236 212 185 173 225 209 215 171 222 239 173 230 205 197 117 140 216 193 229 194 208 209 160 232 138 206 220 213 150 157 206 196 99 205 200 215 213 195 106 219 231 224 112 215 197 224 222 198 199 206 199 196 221 129 131 219 216 98 236 134 103 203 204 198 213 213 210 198 205 252 209 127 210 183 206 204 214 145 166 224 212 229 200 203 210 161 116 201 226 130 267 204 235 236 148 186 191 199 173 134 132 221 212 194 197 233 202 201 199 187 154 215 210 212 202 115 198 197 201 209 229 191 223 198 176 195 134 237 121 195 243 197 198 197 201 206 168 99 201 94 196 203 193 227 220 97 218 127 198 202 202 226 190 226 224 125 202 173 212 234 220 200 198 251 222 181 168 201 202 212 168 220 136 112 221 152 229 211 213 174 213 198 227 200 119 223 219 226 198 151 107 180 231 164 203 194 243 117 198 214 211 192 223 206 135 215 267 231 244 233 190 200 219 225 225 187 211 160 198 159 221 234 179 216 137 202 214 217 219 101 211 198 205 198 212 232 215 201 208 191 205 224 200 198 211 226 198 213
131 99 199 101 196 215 205 120 199 167 0 112 204 103 198 205 197 135 199 200 162 199 206 124 196 197 141 109 211 198 156 215 218 221 217 208 203 217 212 102 203 203 139 219 222 208 215 209 202 209 104 231 198 144 226 227 116 201 208 194 213 178 190 203 129 193 194 222 216 195 192 115 199 104 220 223 211 199 197 201 166 212 211 197 227 196 211 209 242 219 200 220 109 203 217 202 135 194 204 199 209 125 190 147 208 197 196 208 217 166 199 197 111 203 207 216 99 197 215 189 135 207 197 236 207 196 194 157 175 209 211 221 197 106 195 205 210 193 210 209 211 124 198 201 190 189 188 156 202 163 208 214 198 218 226 199 119 211 211 218 186 226 113 196 105 101 197 204 141 216 191 225 208 208 100 213 207 176 136 165 193 195 155 194 199 198 112 192 208 191 142 216 206 210 198 100 102 164 214 197 133 206 95 210 207 192 136 140 114 203 196 204 192 94 148 93 200 207 233 193 149 207 222 166 200 219 117 199 209 198 208 198 194 229 207 185 191 128 172 205 160 214 199 195 196 196 207 182 210 203 194 141 152 181 202 196 191 203 204 204 205 188 210 202 190 166 207 222 200 163 204 212 213 194 224 212 229 229 187 196 195 212 198 113 196 190 214 234 210 218 213 110 203 203 207 192 146 195 193 205 93 148 197 202 198 220 191 101 217 99 196 96 160 202 207 193 197 192 202 203 192 193 95 149 226 197 198 193 197 150 204 225 106
198 190 199 192 116 103 132 206 231 200 112 0 196 215 198 198 96 204 189 106 221 184 135 200 98 193 210 216 208 183 96 117 208 202 220 190 212 208 234 214 129 203 199 195 214 229 126 201 226 221 204 227 99 207 216 222 197 201 96 207 207 217 159 215 111 107 188 193 192 189 222 203 127 216 183 213 230 188 190 193 216 207 196 220 224 204 211 197 192 122 213 220 221 208 199 190 196 210 217 162 150 196 242 153 194 242 212 182 200 206 191 194 196 224 221 130 198 132 188 209 207 224 203 190 215 243 227 219 200 230 215 178 225 190 144 201 215 202 192 187 205 191 148 211 189 178 201 218 203 191 117 199 210 201 114 193 208 226 192 198 165 233 204 224 217 213 215 212 243 104 117 121 196 135 212 195 220 199 210 171 208 194 209 127 135 190 150 204 133 196 229 224 220 185 191 206 152 210 102 175 199 213 198 216 193 165 129 198 96 192 204 219 189 107 193 192 202 215 205 171 207 131 196 209 229 195 145 196 221 165 151 172 230 222 211 203 225 120 143 185 126 203 140 122 208 205 206 189 199 198 105 227 206 203 119 219 149 237 208 210 198 94 208 172 217 103 211 222 96 96 208 117 205 219 201 195 240 200 95 96 209 205 143 225 192 193 217 122 231 190 205 219 208 216 220 197 196 220 193 181 205 126 193 195 228 152 208 213 190 211 215 208 211 104 220 195 183 203 217 237 115 175 187 170 238 215 219 129 191 142 217 190 190
191 204 221 219 200 112 216 208 201 209 204 196 0 176 208 159 196 205 217 197 221 196 206 209 207 212 202 214 204 168 196 187 229 190 204 124 199 216 195 188 153 214 214 194 162 207 199 211 205 212 234 161 207 213 207 233 252 187 170 214 205 212 191 201 241 208 207 247 133 199 207 96 186 221 216 222 208 232 206 199 175 207 204 223 225 226 193 227 202 216 202 119 209 116 222 195 167 213 213 204 190 146 215 215 214 100 188 131 148 200 93 179 133 194 121 215 243 203 207 215 193 217 196 245 123 215 199 196 110 174 152 202 211 212 152 184 168 226 209 228 219 145 206 200 208 129 213 148 220 198 206 205 224 196 103 201 131 204 218 149 214 195 111 223 99 175 217 172 193 237 201 209 121 136 197 199 230 239 108 198 200 243 196 200 240 191 219 214 108 106 246 202 146 225 210 211 198 215 202 205 219 201 201 204 204 240 236 197 203 166 246 207 216 209 199 203 219 106 212 211 224 198 226 178 224 143 223 200 236 221 112 156 219 199 220 153 217 148 209 137 198 213 234 208 97 206 201 175 199 159 178 108 153 209 221 221 223 206 204 198 222 113 215 205 215 213 213 149 100 206 197 119 191 216 175 228 214 219 197 209 94 193 126 191 216 197 213 201 203 206 200 134 204 210 225 175 193 203 204 199 218 190 99 208 216 190 192 191 219 194 199 193 175 167 166 182 199 192 211 158 109 225 179 202 138 188 206 135 205 216 103 194 225
231 202 157 104 210 238 209 213 218 205 103 215 176 0 215 200 200 127 222 243 232 214 210 205 170 204 229 138 200 116 145 184 243 200 185 215 147 200 207 205 207 220 161 124 142 182 201 216 208 229 207 195 205 217 128 214 203 219 223 132 229 207 218 199 214 157 126 206 245 200 133 201 185 145 210 210 215 133 194 200 141 206 203 203 124 115 147 157 206 202 197 238 135 108 201 207 205 206 223 198 214 212 147 197 207 159 213 202 142 150 123 231 212 139 226 200 140 229 226 138 172 202 224 203 118 185 98 206 214 139 208 139 216 205 206 200 188 221 210 215 209 203 201 228 198 102 171 221 208 115 134 212 130 203 202 193 197 238 209 208 140 219 216 245 199 191 212 123 230 205 195 218 206 212 203 229 105 223 216 94 114 202 188 105 210 210 110 203 126 120 189 236 194 198 204 203 191 139 217 190 153 230 196 213 200 229 216 210 197 258 188 233 229 197 151 196 203 104 196 224 209 205 126 212 218 210 220 200 220 223 211 109 204 200 144 200 201 156 188 210 194 237 205 212 217 126 205 119 220 206 197 202 225 218 233 93 234 146 157 203 188 191 234 217 219 219 208 220 135 173 231 195 222 187 198 146 133 144 182 125 181 237 214 137 128 216 219 215 199 196 219 213 215 222 232 192 217 232 222 198 196 221 225 192 218 118 221 204 146 199 213 199 235 198 111 198 224 106 203 218 167 228 198 217 184 200 224 206 94 225 210 224 209
188 208 109 178 103 126 195 196 196 214 198 198 208 215 0 110 199 205 222 212 196 221 203 212 198 187 191 203 204 109 198 240 212 195 133 211 209 204 200 213 205 175 95 203 205 181 202 220 111 219 94 214 209 208 205 174 132 146 193 217 120 225 254 197 231 198 117 213 97 199 220 220 196 224 200 93 113 222 216 207 218 127 211 216 200 212 205 207 103 202 161 190 190 150 213 194 233 214 209 212 200 219 205 116 196 225 191 217 143 201 244 177 205 219 226 145 206 206 169 166 209 205 191 154 207 192 166 224 206 203 151 206 194 187 202 195 212 211 132 215 205 110 215 106 206 208 204 233 158 213 216 212 205 189 202 197 202 101 201 228 212 197 213 204 222 206 127 204 203 162 219 215 207 209 152 160 223 197 210 210 199 198 116 113 221 223 206 111 210 218 209 186 200 221 197 208 197 208 156 199 103 208 217 209 185 213 210 217 189 213 227 199 205 209 187 224 217 207 202 219 210 227 169 197 211 207 216 208 141 210 197 205 230 135 97 215 214 110 233 100 183 196 120 221 198 203 233 96 205 216 196 200 214 144 218 220 222 186 213 208 213 208 228 182 194 144 166 208 108 207 112 216 195 193 223 196 218 141 161 216 209 201 200 202 203 197 224 236 230 166 112 232 210 114 191 208 206 221 200 206 178 198 258 217 226 214 200 207 207 209 224 140 204 94 198 210 218 189 210 217 217 213 148 222 120 204 207 222 198 207 209 195 190
104 201 199 211 190 220 204 254 220 201 205 198 159 200 110 0 174 145 191 220 208 209 214 210 154 176 189 121 188 219 209 225 184 185 209 210 206 214 222 103 208 206 205 111 211 198 187 194 190 193 204 209 99 198 199 124 224 201 210 190 173 227 227 205 121 200 212 220 207 141 235 117 208 193 196 198 126 221 211 211 143 218 120 210 211 172 187 167 213 151 190 225 119 216 161 120 222 126 217 201 198 198 206 160 195 201 222 208 210 212 198 184 95 214 168 220 198 220 227 151 103 208 206 128 208 206 220 199 213 112 153 157 223 202 220 199 216 199 192 190 193 207 222 216 199 98 202 209 203 202 173 225 183 208 184 222 160 132 200 126 197 228 201 106 187 194 207 205 93 101 191 114 216 151 126 241 219 181 226 227 181 194 177 112 214 171 142 120 189 152 206 226 161 158 192 201 205 203 139 191 213 143 192 216 193 216 220 107 190 164 190 208 155 147 226 203 200 219 192 218 192 214 168 220 215 199 199 203 251 211 202 121 211 202 207 200 185 211 201 210 188 205 196 202 132 157 220 205 207 147 203 210 208 208 194 139 209 211 213 208 126 219 189 235 218 223 199 196 195 224 130 179 226 177 226 166 202 207 221 219 197 198 193 186 198 236 188 208 218 205 215 209 220 102 204 212 214 245 93 224 225 201 207 190 197 133 229 212 253 187 205 201 94 198 219 127 239 94 150 202 204 192 191 124 220 204 97 135 222 171 204 209 148
149 219 214 96 206 199 222 135 174 239 197 96 196 200 199 174 0 227 235 111 211 125 231 127 194 201 200 175 213 216 192 105 191 202 197 199 199 223 225 210 225 236 193 140 221 216 222 105 220 226 108 226 169 204 238 198 197 110 192 137 222 202 220 168 207 194 228 97 211 206 209 181 215 235 141 129 237 211 165 214 208 111 195 197 209 214 153 133 216 213 209 133 204 166 172 94 197 205 243 212 199 208 213 202 212 189 116 203 226 129 200 207 216 128 200 194 194 195 180 204 204 225 194 205 205 205 195 172 156 209 138 223 201 201 200 163 206 200 193 215 155 214 193 206 207 233 224 230 219 196 198 182 142 200 194 203 207 218 199 197 224 211 128 233 206 210 224 171 247 200 213 200 198 192 212 174 209 103 207 197 189 207 113 223 224 217 128 208 220 215 207 219 228 227 201 196 119 200 122 243 219 215 196 205 206 134 214 202 192 209 223 213 215 203 143 211 135 232 200 223 197 118 221 223 197 251 206 214 242 213 203 192 196 247 142 107 226 202 175 163 203 207 170 200 150 151 221 103 217 221 189 244 110 226 205 209 143 197 227 151 164 190 112 123 209 199 115 210 192 192 145 171 238 168 195 245 181 202 191 113 203 211 223 196 209 125 186 218 199 146 224 221 239 227 219 101 112 179 151 212 203 194 97 204 205 103 231 197 216 214 195 219 207 200 212 193 200 225 195 215 173 210 225 105 199 152 219 204 192 206 204 176 221
212 206 194 220 121 198 211 238 192 214 135 204 205 127 205 145 227 0 187 217 138 199 148 220 196 129 205 219 212 203 223 197 218 194 197 208 220 215 208 219 210 131 149 192 222 221 208 215 220 208 222 210 199 226 202 198 226 199 238 199 250 220 195 204 198 156 209 214 217 196 209 160 209 133 153 235 247 201 186 211 197 178 200 147 123 160 107 200 157 161 209 217 209 225 219 245 201 214 202 134 211 221 149 251 206 225 170 211 101 219 164 198 140 201 139 226 100 201 205 98 174 228 158 205 203 200 129 183 211 100 234 192 103 198 132 215 177 230 198 226 191 195 226 203 202 128 193 201 198 194 199 252 170 210 206 200 188 196 192 224 193 202 224 220 211 99 221 199 201 214 195 239 212 208 215 142 207 208 132 206 230 193 194 192 188 201 208 195 204 180 228 187 202 224 198 225 174 204 205 187 208 210 186 262 135 221 136 149 108 208 203 222 205 99 174 195 199 231 202 220 160 212 225 194 203 217 201 194 214 211 201 202 199 233 108 120 242 157 214 206 213 211 218 213 217 104 232 198 175 137 136 210 191 223 203 155 202 201 209 167 210 192 227 204 118 204 210 220 160 172 204 202 208 199 163 146 210 205 240 201 192 224 202 182 102 195 213 238 105 198 109 193 208 232 195 193 220 233 197 206 201 96 148 197 203 201 205 220 209 145 200 133 226 207 113 198 201 206 183 207 96 189 99 186 236 197 170 212 109 197 117 209 150
218 162 195 217 119 141 187 208 229 105 199 189 217 222 222 191 235 187 0 188 213 225 129 201 99 186 96 219 211 121 93 189 218 223 197 206 212 190 171 209 123 200 196 224 231 196 234 206 216 206 184 202 227 235 197 131 190 214 217 135 144 155 224 166 201 221 219 193 190 211 182 206 108 219 94 214 226 203 215 164 199 253 132 223 235 222 192 144 191 211 231 217 205 191 205 206 239 238 116 222 245 150 233 133 214 210 204 189 231 123 196 172 108 196 210 220 204 198 155 163 225 157 191 97 232 144 221 215 206 194 177 192 220 94 239 201 208 218 215 204 229 114 187 232 219 208 205 190 209 114 120 219 187 207 197 240 210 201 219 194 195 208 183 221 192 193 212 212 98 163 194 221 96 205 171 209 195 256 203 158 223 136 190 173 202 203 167 201 111 219 200 203 225 213 210 224 204 216 225 189 160 93 206 199 195 225 239 209 188 193 217 215 189 203 219 240 205 231 202 187 197 227 204 155 199 213 240 237 218 122 121 113 213 222 206 203 222 181 212 209 230 166 191 110 209 212 191 205 217 188 164 238 192 188 191 207 204 121 200 217 221 205 219 204 190 217 147 206 189 209 200 191 233 215 114 212 192 201 199 216 220 207 190 186 193 200 193 233 197 104 194 231 191 223 210 209 218 199 179 205 200 219 190 199 187 188 195 98 225 226 196 121 208 211 154 201 194 203 130 233 154 216 209 191 182 206 199 205 242 206 123 197 208
158 223 103 207 209 209 238 183 213 128 200 106 197 243 212 220 111 217 188 0 225 194 201 97 199 94 199 199 123 163 202 214 209 221 221 204 106 225 187 197 219 205 214 214 213 132 215 208 211 217 187 214 203 117 198 206 192 196 202 197 214 210 118 214 217 213 187 208 178 219 237 184 112 229 242 183 211 207 211 204 119 215 221 206 219 227 176 239 218 140 214 211 209 167 221 205 141 215 231 211 227 209 206 227 145 213 202 199 200 216 205 221 224 199 231 212 142 217 206 119 229 190 203 189 202 186 225 194 197 197 155 188 230 94 202 211 218 206 226 190 129 208 152 209 206 230 208 190 219 189 220 112 147 164 203 99 212 233 206 189 214 218 200 219 207 193 197 163 213 210 223 227 193 100 196 228 138 214 171 198 198 201 211 233 241 200 226 236 182 216 222 211 222 200 158 218 194 231 208 205 192 225 208 231 188 115 228 212 188 194 155 223 209 203 188 214 231 191 195 193 237 131 201 224 222 211 207 214 216 159 219 223 124 208 188 217 162 198 128 248 200 203 146 149 206 202 181 211 150 222 211 216 104 212 221 218 208 237 240 201 219 193 192 172 225 209 226 204 183 136 120 220 200 212 217 210 212 221 200 188 103 134 126 169 192 212 160 217 187 218 214 214 191 213 217 198 209 194 127 248 200 124 195 225 162 214 201 235 105 195 220 187 145 210 229 220 216 213 220 198 215 130 225 197 207 197 139 228 208 200 122 219 208
226 208 226 188 224 119 213 211 216 200 162 221 221 232 196 208 211 138 213 225 0 237 204 222 188 200 201 137 221 151 166 223 215 195 154 208 123 227 107 223 124 139 212 118 215 124 95 177 198 200 153 129 162 161 219 129 142 101 214 231 149 200 215 223 132 210 203 247 201 171 201 188 113 214 190 204 220 175 216 217 208 191 201 193 192 213 142 205 93 202 229 133 210 214 209 228 202 209 117 205 94 199 228 196 208 215 212 201 200 218 206 95 198 196 205 180 193 210 194 209 189 197 218 160 221 201 186 192 122 224 217 153 98 176 216 213 204 222 218 230 192 235 206 215 187 220 201 138 195 128 192 220 203 212 192 217 124 113 223 206 210 187 210 215 209 201 193 121 115 124 197 198 229 175 159 210 218 206 214 233 200 126 227 222 104 129 242 212 113 207 212 199 184 218 207 145 210 218 221 108 202 195 216 244 199 230 205 214 216 204 208 201 231 147 101 210 243 128 197 148 214 221 211 225 197 166 193 234 233 168 160 172 160 212 229 165 215 160 197 203 200 218 97 244 212 150 206 165 214 100 246 209 182 160 212 218 209 214 205 227 114 194 190 215 214 219 212 208 215 163 153 228 128 202 223 208 215 144 176 205 190 206 235 203 216 223 202 224 215 214 194 184 187 216 231 197 228 201 146 212 117 222 235 208 198 190 210 220 153 198 194 210 195 213 207 222 237 223 152 211 214 206 232 208 223 192 211 218 205 199 228 225 201
196 205 197 178 209 240 210 224 195 204 199 184 196 214 221 209 125 199 225 194 237 0 219 97 134 212 200 134 226 213 230 200 143 166 123 206 203 223 192 201 196 173 191 205 243 228 221 110 198 208 228 226 120 203 222 201 196 218 227 219 172 229 202 205 233 224 240 207 236 205 98 220 199 149 226 248 227 218 207 207 219 205 203 195 222 219 191 215 227 126 195 237 168 190 199 146 120 164 203 209 225 221 198 227 206 207 201 207 203 229 106 206 209 162 195 180 219 196 180 101 167 237 194 209 187 225 214 200 211 220 240 220 148 142 202 204 171 138 244 226 184 227 210 196 200 188 202 222 201 118 224 145 216 214 177 243 189 241 200 205 227 208 206 200 206 213 197 203 217 226 247 222 226 192 200 212 220 142 154 204 217 215 226 225 187 169 169 212 124 201 125 228 176 102 174 99 226 244 207 223 242 246 105 133 204 204 207 202 230 199 248 146 242 213 203 197 218 110 218 193 234 220 105 215 226 210 207 102 223 246 204 127 193 171 133 204 149 221 223 207 198 203 229 255 207 248 210 213 178 214 200 200 212 223 215 202 214 219 186 234 229 203 217 212 227 207 217 133 202 205 214 226 113 202 111 216 105 208 228 114 229 217 197 212 205 208 198 184 187 221 218 196 209 107 207 213 213 244 212 205 182 219 97 177 241 135 236 197 197 180 146 232 237 214 221 199 194 213 204 233 230 210 214 230 132 198 222 231 208 200 207 196 136
219 217 132 196 190 163 184 141 222 199 206 135 206 210 203 214 231 148 129 201 204 219 0 213 212 158 106 218 232 94 222 139 163 162 207 203 214 196 223 215 207 207 246 210 113 209 133 204 160 168 172 211 200 208 229 237 125 204 208 217 227 204 211 218 219 135 217 198 200 98 174 202 141 236 194 176 225 236 130 187 202 200 204 213 261 210 215 218 246 142 239 232 207 204 213 193 204 221 201 214 211 217 184 114 211 207 206 199 238 217 203 215 237 206 188 209 232 206 192 139 116 214 211 195 121 225 196 228 158 210 237 219 212 107 222 205 195 200 94 206 232 119 101 191 218 196 239 170 145 202 216 241 201 208 209 162 211 209 229 210 212 193 211 132 220 195 235 189 202 223 203 218 218 185 110 202 211 219 145 221 214 220 202 205 211 116 223 224 240 129 215 205 225 218 118 163 238 227 148 199 206 216 198 117 106 226 194 210 190 146 211 186 212 198 228 128 200 201 130 205 124 225 238 190 196 197 212 221 218 209 191 203 131 121 217 205 173 237 176 189 214 210 228 210 224 209 216 232 118 212 224 134 223 121 214 213 229 210 212 225 110 215 222 217 224 214 219 206 193 228 206 180 211 206 240 231 202 146 227 191 213 190 177 187 226 142 216 224 186 212 212 195 204 112 214 220 227 218 200 208 213 229 205 240 228 216 205 105 143 232 195 153 237 213 229 219 143 143 211 237 215 203 219 204 212 211 183 215 210 210 195 210 228
229 194 200 174 219 207 209 244 140 218 124 200 209 205 212 210 127 220 201 97 222 97 213 0 102 191 163 231 210 207 208 217 112 202 204 109 161 209 201 208 228 211 222 217 243 213 200 207 211 207 228 203 212 117 239 211 109 121 198 234 195 201 215 217 224 206 220 198 222 124 195 239 209 211 159 214 146 184 204 220 216 205 213 148 229 176 204 202 133 193 237 249 200 143 222 209 212 196 134 211 156 209 199 178 199 200 199 203 163 194 166 208 217 126 240 218 223 201 213 124 199 228 138 112 216 209 214 257 211 176 213 195 208 191 191 215 205 235 222 197 204 195 206 150 221 222 231 199 224 210 236 207 193 179 106 196 239 216 199 109 210 227 210 213 175 215 100 197 214 215 157 228 199 197 103 181 210 203 243 252 173 193 200 236 219 225 208 246 153 160 140 226 210 145 214 167 226 211 249 208 229 206 194 166 218 197 146 115 209 102 205 148 194 191 217 217 223 124 199 96 190 228 202 217 217 191 110 199 204 206 198 219 221 222 210 216 209 215 164 202 210 106 231 197 212 232 113 116 230 215 198 197 201 224 207 227 213 210 215 205 215 208 230 205 217 206 199 230 207 213 200 249 210 199 205 227 202 204 133 211 200 231 155 217 196 203 202 217 195 226 197 217 112 204 225 199 174 224 224 221 204 218 194 135 202 230 205 207 202 209 208 220 198 215 222 217 228 116 203 151 148 196 204 232 214 160 236 208 111 203 219 195 211
223 229 188 203 177 201 216 211 152 193 196 98 207 170 198 154 194 196 99 199 188 134 212 102 0 118 145 207 151 211 126 207 214 230 247 203 191 205 206 224 210 234 206 207 210 209 224 214 200 209 211 236 197 219 228 217 99 192 194 212 207 161 125 222 209 205 210 206 239 127 201 206 159 211 192 231 224 214 190 220 210 244 208 234 210 177 194 151 95 190 207 223 201 206 120 107 218 213 211 238 147 208 163 168 228 202 217 217 202 205 209 241 206 194 232 199 169 99 191 178 205 146 162 95 186 217 204 218 229 185 212 93 150 193 203 228 212 136 193 221 208 93 169 220 192 146 145 254 192 198 206 208 149 216 112 218 218 159 204 160 157 189 210 207 230 222 151 209 197 134 215 219 195 223 142 213 193 185 209 246 213 216 188 138 233 215 221 158 210 196 219 203 188 193 142 209 216 201 194 191 197 192 224 170 209 170 206 202 194 164 195 206 174 197 194 209 155 226 173 190 230 205 147 115 172 196 184 193 215 215 96 205 212 191 208 199 191 189 126 110 215 202 208 209 110 195 162 197 210 115 195 202 119 146 210 203 120 203 198 166 215 192 216 235 207 201 193 219 134 194 158 147 137 182 103 215 216 102 193 129 156 143 210 209 94 101 186 208 195 203 209 213 214 241 234 203 200 221 222 201 226 214 231 197 195 229 128 132 208 161 201 194 235 202 205 193 201 198 193 206 213 219 124 207 222 152 236 106 207 215 203 117 109
186 129 197 212 223 203 214 204 119 186 197 193 212 204 187 176 201 129 186 94 200 212 158 191 118 0 105 147 217 214 197 178 216 127 217 110 192 212 93 222 224 220 137 236 207 222 197 234 205 193 93 204 236 201 198 214 204 163 217 201 212 186 212 213 220 165 93 195 140 215 187 208 206 232 212 207 137 217 234 217 194 227 217 135 216 217 124 188 149 199 153 203 124 96 212 219 218 237 205 205 192 203 251 217 199 196 190 187 106 203 196 172 207 200 205 224 204 200 193 197 229 232 138 201 108 191 205 100 205 211 105 94 198 120 201 195 203 222 218 212 223 211 161 225 193 233 203 216 209 208 243 124 199 151 171 104 214 199 214 95 188 197 203 214 118 155 200 150 119 216 250 191 194 194 201 203 214 194 226 188 186 191 208 207 163 188 202 216 173 194 214 202 189 216 196 215 152 198 195 198 128 196 195 210 210 202 227 209 209 167 222 224 210 228 186 235 214 118 192 222 186 206 107 233 237 210 205 207 159 217 214 213 218 192 94 168 237 203 150 207 217 218 188 194 141 126 107 206 204 201 206 193 198 118 197 213 219 232 204 199 177 99 98 209 209 242 224 217 205 207 209 194 213 185 221 140 121 220 128 232 174 173 147 148 212 144 200 174 224 223 201 211 203 229 204 204 212 222 191 214 208 218 208 200 215 182 204 211 199 125 194 205 193 148 189 204 207 211 165 203 214 220 192 202 201 203 219 208 196 211 216 194 213
163 202 199 202 215 186 207 206 198 201 141 210 202 229 191 189 200 205 96 199 201 200 106 163 145 105 0 208 209 115 189 237 216 143 195 212 225 219 187 178 187 231 191 131 219 198 218 226 229 202 194 148 211 218 229 216 231 195 129 212 194 233 135 142 233 208 198 198 94 204 213 233 193 242 190 222 215 222 129 202 207 235 228 223 225 201 130 233 206 223 212 212 192 201 109 251 143 233 177 218 212 111 244 220 217 194 231 93 210 153 207 157 204 100 189 225 215 239 214 234 222 127 114 189 213 198 214 205 246 229 139 199 198 139 220 198 227 231 183 235 223 210 170 243 224 128 207 216 236 210 207 229 237 192 198 168 223 204 174 104 219 112 199 208 190 210 210 210 96 232 212 211 191 109 210 218 221 201 236 161 207 220 208 216 202 214 210 228 207 192 215 184 212 212 170 201 243 231 150 93 207 189 205 223 212 210 211 205 205 225 213 235 230 134 226 197 238 213 222 161 195 205 193 211 147 218 220 207 232 186 159 193 223 197 199 168 215 208 210 192 198 205 221 186 119 207 212 141 202 210 212 229 220 172 148 222 222 209 216 210 207 204 203 229 210 230 233 161 214 200 153 140 209 238 210 132 96 210 233 236 197 207 243 189 121 206 191 229 236 200 195 184 143 199 247 207 236 190 208 109 197 208 103 197 213 210 99 194 203 130 203 146 173 198 232 207 239 223 226 225 109 207 137 142 225 204 147 207 212 159 219 216 210
179 199 195 208 100 136 201 194 212 186 109 216 214 138 203 121 175 219 219 199 137 134 218 231 207 147 208 0 212 175 226 199 145 186 213 207 198 128 146 109 205 186 199 171 200 104 217 117 93 220 129 203 194 192 136 227 187 155 246 222 221 207 203 160 224 179 198 194 171 203 202 202 213 202 137 210 200 205 217 201 208 220 193 193 218 199 227 201 134 110 202 187 218 188 210 100 168 94 211 202 224 124 208 236 204 114 217 223 216 198 215 196 216 202 223 200 122 119 189 227 188 228 196 217 98 188 202 210 203 163 211 218 116 206 191 203 200 235 196 164 208 220 194 128 196 206 216 133 200 195 204 201 218 198 225 213 207 113 196 232 125 199 221 195 214 194 203 119 135 222 228 201 162 99 206 176 140 157 212 225 190 100 207 193 230 215 197 217 209 110 221 138 197 111 100 188 118 186 205 209 194 173 204 200 112 225 219 199 199 215 192 161 187 197 212 202 187 232 205 197 217 205 192 192 193 211 178 204 205 129 210 198 227 189 205 206 205 213 114 203 200 219 128 171 192 204 199 199 159 132 115 123 197 184 215 208 208 202 187 200 229 197 101 212 227 199 200 196 208 143 233 188 199 220 214 234 226 217 213 223 203 202 224 202 207 192 132 205 212 205 129 201 192 203 169 197 187 193 197 213 202 207 170 214 107 198 225 210 198 95 201 205 189 184 208 199 235 188 93 167 199 220 204 206 227 210 204 109 218 106 208 118 157
227 201 162 117 167 207 223 208 197 217 211 208 204 200 204 188 213 212 211 123 221 226 232 210 151 217 209 212 0 197 172 227 213 206 247 203 172 156 176 220 115 157 184 207 204 108 187 217 196 122 205 229 184 210 251 248 165 219 221 203 224 110 226 153 133 213 207 218 220 205 245 212 208 223 236 198 95 215 216 151 228 231 222 212 223 199 205 213 160 200 211 117 225 236 199 201 167 199 231 189 217 193 221 118 230 215 114 126 217 213 192 194 220 121 217 213 159 218 216 148 206 209 213 205 211 110 208 149 193 204 152 239 219 139 129 126 225 199 178 208 200 224 214 202 199 210 165 203 205 212 97 194 221 228 218 218 152 214 213 220 220 227 196 154 187 237 222 190 113 193 190 206 217 189 210 225 218 234 97 204 180 210 191 214 222 219 206 184 108 217 206 215 188 209 192 199 161 221 184 211 217 216 217 196 196 194 217 222 191 209 215 221 192 214 151 192 135 203 214 175 114 157 214 101 123 165 218 228 226 211 146 145 105 238 240 109 185 119 221 216 188 226 215 202 239 227 111 218 219 160 196 210 208 199 218 199 217 135 194 194 191 209 216 234 224 214 217 203 209 231 194 224 255 199 207 229 228 210 205 112 223 221 123 206 179 207 208 230 107 195 217 216 213 193 227 125 152 178 153 174 131 211 232 214 204 238 223 217 228 187 124 220 215 221 205 214 188 94 241 210 200 229 116 201 191 195 206 202 168 189 211 227 187
222 208 108 208 212 148 93 210 190 105 198 183 168 116 109 219 216 203 121 163 151 213 94 207 211 214 115 175 197 0 195 189 127 212 206 197 220 224 198 197 225 210 204 178 207 226 133 111 220 212 203 117 206 208 206 240 213 198 205 201 213 206 200 200 188 100 194 152 206 192 221 188 146 222 196 202 206 190 210 198 206 226 210 181 211 214 214 201 209 215 232 247 219 214 224 195 211 194 107 203 220 194 211 195 217 214 215 208 172 206 220 201 199 215 122 220 204 200 120 202 210 213 211 206 206 201 205 203 210 205 222 226 204 201 150 201 204 120 188 174 198 213 163 215 203 177 162 224 207 214 173 208 204 198 253 200 219 210 164 119 219 222 189 201 214 207 236 95 186 184 191 140 215 222 204 200 221 228 188 203 230 208 201 199 238 201 213 202 201 112 225 120 192 210 195 254 197 205 234 199 210 186 108 108 200 232 138 228 248 196 202 221 207 104 209 200 191 203 197 111 101 244 204 96 102 103 196 199 191 115 150 161 214 151 206 159 253 202 150 209 121 225 216 125 215 115 210 202 202 218 256 196 190 102 237 134 220 219 190 253 196 214 213 189 199 170 166 192 99 209 200 217 136 217 202 208 211 207 196 206 211 198 220 93 202 196 209 207 173 203 221 196 210 156 185 197 214 188 176 222 174 198 161 189 190 221 208 178 187 199 153 212 210 160 206 203 147 204 119 218 199 235 204 216 211 117 213 206 144 158 230 195 235
